td_0_string=Preview_Model
td_0_data=215.000000 109.000000 5 1 0 0 0.600000 2.000000 -1 0 255 0 204.000000 227.500000 0 1 1 3799 1 1 -4.000000 0.000000 0.000000 1.000000 255 0 255 
td_0_bar_data=100.000000 0 
td_1_string=_
td_1_data=315.000000 179.000000 1 1 1 0 0.600000 11.550006 -1 255 16777095 1 298.500000 118.000000 0 2 1 0 1 1 -10.000000 0.000000 -20.000000 1.000000 255 255 135 
td_1_bar_data=100.000000 0 
td_2_string=Preview_Model
td_2_data=217.000000 197.000000 5 0 0 0 0.600000 2.000000 1097458175 0 255 0 112.500000 160.000000 0 1 1 346 1 1 -10.000000 -30.000000 1.000000 1.699998 255 0 255 
td_2_bar_data=100.000000 0 
td_3_string=Preview_Model
td_3_data=230.000000 193.000000 5 1 0 0 0.600000 2.000000 1097458148 0 255 0 112.500000 150.000000 0 1 1 2694 1 1 -10.000000 0.000000 95.000000 1.699998 228 0 255 
td_3_bar_data=100.000000 0 
td_4_string=Preview_Model
td_4_data=270.000000 188.000000 5 1 0 0 0.600000 2.000000 1097458175 0 255 0 112.500000 150.000000 0 1 1 19565 1 1 -6.000000 -15.000000 -1.000000 2.119997 255 0 255 
td_4_bar_data=100.000000 0 
td_5_string=Preview_Model
td_5_data=245.000000 174.000000 5 1 0 0 0.600000 2.000000 1097458143 0 255 0 112.500000 150.000000 0 1 1 19138 1 1 13.000000 -30.000000 90.000000 1.799998 223 0 255 
td_5_bar_data=100.000000 0 
td_6_string=Preview_Model
td_6_data=275.000000 162.000000 5 0 0 0 0.600000 2.000000 -1 0 255 0 112.500000 150.000000 0 1 1 335 1 1 0.000000 75.000000 0.000000 1.989999 255 0 255 
td_6_bar_data=100.000000 0 
td_7_string=Preview_Model
td_7_data=305.000000 171.000000 5 1 0 0 0.600000 2.000000 1097458155 0 255 0 112.500000 150.000000 0 1 1 2501 1 1 -10.000000 0.000000 0.000000 1.679998 235 0 255 
td_7_bar_data=100.000000 0 
td_8_string=Preview_Model
td_8_data=275.000000 152.000000 5 1 0 0 0.600000 2.000000 1687547391 0 255 0 112.500000 150.000000 0 1 1 2114 1 1 -64.000000 60.000000 140.000000 2.099997 255 0 255 
td_8_bar_data=100.000000 0 
td_9_string=Preview_Model
td_9_data=204.000000 190.000000 5 1 0 0 0.600000 2.000000 1097458175 0 255 0 112.500000 150.000000 0 1 1 19570 1 1 0.000000 -10.000000 173.000000 2.529998 255 0 255 
td_9_bar_data=100.000000 0 
td_10_string=Preview_Model
td_10_data=230.000000 177.000000 5 1 0 0 0.600000 2.000000 1097458168 0 255 0 112.500000 150.000000 0 1 1 18866 1 1 90.000000 180.000000 90.000000 2.159997 248 0 255 
td_10_bar_data=100.000000 0 
td_11_string=Preview_Model
td_11_data=216.000000 146.000000 5 1 0 0 0.600000 2.000000 1097458175 1097457920 255 0 112.500000 150.000000 0 1 1 19054 1 1 -10.000000 20.000000 17.000000 2.059998 255 0 255 
td_11_bar_data=100.000000 0 
td_12_string=ZAPLENI
td_12_data=268.000000 309.000000 2 1 1 0 0.258332 1.750000 -1 255 -16776961 1 16.500000 90.500000 1 2 1 0 1 1 -10.000000 0.000000 -20.000000 1.000000 255 255 255 
td_12_bar_data=100.000000 0 
td_13_string=PROPUSTI
td_13_data=371.000000 308.000000 2 1 1 0 0.258332 1.750000 -1 255 9109759 1 16.500000 90.500000 1 2 1 0 1 1 -10.000000 0.000000 -20.000000 1.000000 255 255 255 
td_13_bar_data=100.000000 0 
